1254
1056
1058
1543
3170
1015
219
280
348
700
588
141
1649
187
1542
1030
603
1874
381
1087
52
2303
935
1133
1433
2439
1055
864
2053
205
554
2214
1285
215
1063
1816
2714
1227
2497
418
769
144
986
1115
760
1300
1995
148
1888
222
1752
483
2259
688
2463
369
1131
1191
292
712
488
234
1426
559
741
2307
842
169
1300
798
833
1714
1726
2014
1059
971
19
4415
1129
3167
782
1183
531
173
457
571
8
1554
388
1447
89
3824
76
278
1131
2100
403
811
1641
463
914
880
795
140
1781
1724
1295
920
121
719
54
926
2322
90
1795
1384
364
2282
22
325
522
226
2216
415
795
3591
63
895
915
143
21
682
89
1393
3935
340
2000
1775
2533
3033
129
2706
1038
415
1252
370
773
467
1570
559
259
186
1399
823
1791
680
2187
441
574
526
439
1099
491
152
1712
2162
920
526
1304
732
466
96
945
992
190
450
2920
61
1569
217
3976
1450
253
1634
1087
1139
406
165
1162
221
1080
1376
2815
779
35
578
4323
4497
1615
19
83
492
434
797
777
816
382
275
1142
617
1891
1183
381
3680
4736
145
1488
132
136
1778
3525
3989
247
382
344
1298
538
1813
459
2009
763
2247
1032
687
257
1160
196
982
958
1014
1087
78
2753
374
1242
636
120
824
975
520
1354
809
480
766
678
438
2184
2026
1307
2129
958
978
0
680
961
2184
521
370
797
212
1222
817
256
1257
2661
1518
2252
1607
1132
219
2586
1389
1633
1818
3304
2870
807
385
2788
1088
992
288
8
933
216
1039
3514
761
1154
1102
358
585
814
1095
3652
979
192
740
674
378
1960
987
2061
2276
1272
1145
2154
4109
1888
1923
483
1400
1320
4329
89
3825
1984
314
4276
468
821
1803
225
1582
1304
141
1546
313
151
355
2343
301
412
37
57
688
1782
1025
700
1272
239
543
1463
79
975
1623
2201
290
968
2448
1248
593
175
154
271
221
1255
767
807
53
34
1445
1252
1675
328
2387
443
240
209
708
149
422
757
1531
876
2333
205
1134
881
361
200
1463
1053
137
583
1084
3192
451
1554
1236
123
741
2699
1478
1040
1871
868
79
805
599
473
204
1864
940
38
913
1049
941
1762
1785
3826
344
835
835
851
168
1094
984
433
804
1483
623
1501
1550
1110
599
95
3689
69
671
1028
334
1100
1182
1213
469
477
237
2526
583
264
364
365
1657
1052
454
1309
858
53
186
3921
726
354
1521
1911
2409
362
1978
176
700
399
897
4710
428
1228
72
2958
1506
3860
40
228
1491
1105
76
2187
458
497
271
9
1254
272
1828
1073
2847
41
706
1178
802
2017
1284
1601
2566
2656
3215
1358
2129
549
917
306
893
359
276
583
601
2460
204
1811
361
839
1689
845
594
1953
379
426
975
1165
855
1123
151
745
6
865
2092
2131
1309
2510
1496
1165
2690
76
1212
481
504
961
1073
1216
1185
1422
1837
2006
1043
948
1473
482
967
806
1649
1077
4573
1968
129
612
1552
1821
2557
2424
129
220
624
1675
834
803
120
1592
34
3187
1690
199
1420
407
725
1655
2087
1612
326
3635
3
2135
275
1665
2127
1421
1681
383
59
2226
1990
928
1409
629
367
142
3336
1290
241
2445
1624
1586
1433
2166
413
3840
537
102
383
496
215
415
1096
33
180
319
2094
749
0
3647
2249
3855
672
1215
1813
1436
1841
3019
2195
996
21
2290
1697
2998
1058
2652
1518
224
1191
2990
3137
17
1463
666
2326
160
1033
1314
1912
578
852
61
1555
1222
871
1740
611
45
388
3115
861
933
855
200
630
422
1636
1479
829
121
37
1271
150
1321
1696
838
4707
1714
1030
1320
258
1135
2043
580
167
530
1844
978
895
968
981
1039
151
2
2284
448
1624
663
35
50
35
139
342
476
1318
2226
309
1578
236
2419
1741
1993
416
1388
1446
2522
216
468
1211
563
3436
210
1264
979
583
279
1459
1562
3846
2115
125
295
404
464
442
79
0
2782
2171
121
859
3141
926
275
3231
141
558
233
2338
886
1496
1112
85
1729
600
1310
382
556
1084
1973
4418
144
332
160
1819
272
657
1367
1499
148
1342
2143
2546
3478
163
779
2939
2449
1575
1163
1520
2274
2227
601
2069
226
210
1024
1156
1438
1480
1555
1645
1508
1178
358
1605
754
699
3589
2261
1784
255
716
952
1775
191
342
368
668
187
74
687
2126
68
1320
962
751
900
2118
915
639
363
98
1725
832
413
954
1270
1042
1312
1061
55
79
574
2047
23
2916
1531
1457
1803
1558
3498
1030
1976
60
641
308
1251
35
470
3945
145
1533
341
1330
1934
707
98
1687
1651
593
2556
1568
284
1120
951
2210
389
20
1153
803
448
485
150
789
1808
903
37
1773
491
162
363
401
392
1006
1912
864
2497
2036
484
2258
841
1435
1285
1352
1326
84
319
1693
626
1557
917
3667
318
1455
385
42
1165
56
77
177
1369
2456
1596
1690
486
810
3701
2001
762
2926
70
1503
1270
445
1028
562
900
1355
1271
925
9
25
4782
112
633
1039
466
547
1651
502
2180
675
43
551
476
694
261
1328
1784
97
4656
643
4171
899
1027
823
325
443
155
64
1142
1067
2281
92
863
1959
1940
723
1136
1014
396
303
1189
3554
448
1563
1492
1231
612
4
1228
2935
911
691
709
339
325
412
442
941
827
1281
1872
101
1722
291
158
500
327
1642
1220
3750
2556
2583
2548
1744
1946
1089
780
1611
1859
658
62
282
2213
79
1118
1023
48
1570
1081
375
2074
37
1376
1345
472
2031
490
1101
1500
1538
3301
497
1703
6
177
3545
524
339
3536
278
945
308
1645
99
3259
773
295
997
157
2052
507
751
747
1209
1310
2335
792
34
340
458
876
63
1451
732
194
639
201
2884
394
1587
841
921
1106
1673
598
2730
2030
518
959
201
381
238
55
824
1707
347
2404
944
1728
267
1852
852
425
843
71
386
2484
731
862
559
258
164
6
1168
1299
1918
413
1568
1146
2331
869
702
1835
69
475
703
3124
1075
2493
524
5002
1094
59
776
923
1712
986
818
99
336
2518
337
107
3956
797
716
756
953
320
1005
2015
1578
3408
1999
266
1181
823
1404
1800
122
3524
2218
212
529
727
90
4835
1526
368
2170
413
88
450
184
2363
1227
342
570
560
325
665
1464
974
2102
32
2181
1451
17
1679
194
855
857
1354
4689
828
771
1368
1260
619
3142
957
730
676
1371
584
777
1937
835
535
125
805
294
1428
2217
2082
289
879
1439
1356
1358
1961
721
210
1123
4401
740
32
748
3610
935
750
562
1733
302
512
992
739
1536
1980
959
516
672
932
3139
102
104
3402
384
2296
198
1649
1303
448
1245
3235
684
1022
131
1846
1932
18
69
0
0
502
1262
1172
1720
127
475
238
664
619
471
1110
779
183
1759
3189
1399
865
495
199
3039
1386
731
2056
3010
424
1280
735
1035
597
1
1681
1312
295
917
1061
201
461
2696
1900
437
670
475
125
709
2298
144
258
3
2814
813
3985
350
511
682
2250
244
918
3264
2190
138
2251
1254
71
537
694
2031
1844
624
888
859
2920
601
379
1328
463
1116
1834
30
493
496
790
1430
1127
2418
78
364
712
353
1194
4350
1166
830
157
406
432
174
722
28
1441
3400
1316
1119
239
922
12
275
2570
3721
988
1463
1901
759
821
436
1500
1435
344
25
154
970
429
1139
776
519
14
1439
109
1291
524
410
3809
327
228
158
1035
1394
466
1226
4157
1052
761
1348
363
1291
1166
76
625
1062
409
2088
1055
2137
211
669
99
280
1148
1892
200
579
841
4290
188
1002
4286
403
1665
764
272
72
457
178
1031
767
416
3715
816
463
2002
195
211
710
19
2266
367
3
651
452
858
1218
868
3385
163
1082
100
1382
826
351
2490
328
3045
491
351
1779
779
296
458
254
1318
72
97
37
958
464
218
266
630
349
2582
1378
647
871
954
911
1486
5040
3139
2452
737
647
3254
1099
833
358
1059
76
295
347
1171
1707
259
2196
51
631
2011
137
1201
2265
66
736
2401
2
1099
182
615
2112
2233
4283
369
1702
0
255
3499
217
219
5090
2916
2128
18
536
818
60
2637
1040
2064
964
1624
125
443
3786
441
1641
1507
717
188
3054
2787
1188
1775
1885
694
683
1067
4167
64
124
2641
1537
403
1871
1117
1458
1967
1316
1360
1172
612
187
294
1345
995
3211
2155
1228
412
112
2231
1820
566
872
27
830
66
724
2431
258
1410
1874
574
1826
1167
395
3108
2167
635
1154
792
1714
366
10
1969
684
1668
373
2580
1121
309
957
1172
540
401
2062
1667
277
450
2930
1572
145
113
338
345
1514
1245
1624
1358
1056
1484
519
1132
1383
531
802
1409
1063
2203
884
1042
1018
1841
554
1173
1553
1064
4333
278
1283
1081
4038
1409
15
1207
630
765
582
2233
596
155
288
1291
871
1381
2659
3007
225
540
775
11
574
655
262
610
2312
236
442
1332
1235
1369
815
1022
1508
1185
213
3736
538
789
1429
702
301
254
821
297
95
895
2099
1414
2919
954
1749
1769
342
1329
796
2939
992
750
1676
4646
141
184
435
767
675
2011
714
456
1991
279
1151
810
1336
288
2494
0
726
1782
473
724
351
1112
1063
1956
1876
525
27
2882
936
177
1380
351
1048
1257
1307
487
3583
281
1116
354
2247
632
106
2850
723
346
2385
857
389
1278
2769
535
4
117
209
1409
136
902
578
755
1875
1911
2242
1189
2165
824
1181
376
1539
579
2149
88
986
2310
409
925
71
935
731
682
1205
804
2607
342
356
1565
448
1279
1427
817
1052
327
245
1715
518
398
751
1259
180
862
690
326
1992
59
228
1765
513
2949
1082
155
919
2243
936
201
1330
1947
1944
1310
1006
395
506
2393
1606
1329
3439
2144
3315
392
884
539
248
605
3241
209
1735
652
2127
614
1636
925
1034
1452
847
756
1914
384
2533
216
527
3956
461
345
1314
516
126
1866
4954
1710
1005
176
505
123
255
292
2255
2481
2923
977
1087
203
594
3036
3
693
450
216
1174
748
1145
469
3733
565
605
666
15
145
1698
411
1280
380
495
809
476
3382
49
2871
3197
1462
137
1823
2274
542
2175
1274
3674
414
1884
3868
1015
4399
118
1325
163
579
3714
1680
974
283
1080
1567
1098
739
1108
1379
3614
1117
666
1017
1851
882
190
172
1228
493
28
390
2821
715
1442
436
1105
1689
619
4155
779
1485
205
1222
313
516
1488
442
1133
785
973
1743
774
3736
1483
706
1375
74
1384
4237
486
1562
595
62
373
944
578
1050
842
1441
1207
863
273
3880
1579
664
470
12
1450
3530
4430
2266
66
564
1790
958
1695
59
129
2615
539
1425
1305
715
520
325
378
2453
0
956
80
343
1546
174
482
3010
80
1285
747
738
473
876
1006
600
98
2115
495
261
1659
188
2023
1546
1498
299
472
2059
1651
1155
1806
1756
0
2170
2856
607
1327
417
1384
524
352
1341
395
277
440
11
1899
564
555
4096
1168
4067
208
375
166
1516
1916
3695
724
133
906
44
673
3150
587
124
3388
273
155
52
1493
232
913
1488
710
1489
1048
1672
2473
784
2502
311
98
584
1158
19
604
1948
1835
4052
613
439
1810
316
670
1562
212
358
197
233
2304
254
1979
1955
878
2095
1205
1083
1228
2304
1921
219
1923
3236
1008
2110
757
3833
414
618
1123
938
543
1347
1130
607
699
2050
315
3560
1688
78
511
116
678
1960
1097
362
4223
51
1981
442
558
513
15
435
336
324
624
20
1697
422
2872
920
1056
1292
357
310
3732
1055
2896
172
1239
2100
950
1140
985
2129
2926
175
3605
3688
15
315
3612
1080
762
1965
21
36
1318
698
1262
2984
2361
358
3769
1441
983
404
361
391
1714
274
480
753
2278
1031
2362
2192
766
1611
748
524
914
5
555
11
141
1923
884
348
839
544
756
972
79
668
664
373
121
1073
1060
777
25
2749
677
790
312
1775
2132
214
1601
928
2251
2606
730
1184
3380
2591
1242
103
3125
2393
686
978
408
878
644
192
4814
3980
1975
172
733
621
284
1019
76
907
75
620
490
883
183
598
1940
1436
650
2957
4219
3245
2511
1922
3157
586
427
795
187
879
32
1000
35
44
220
1476
2343
646
738
1069
1012
701
2015
3867
821
2179
1555
1102
1511
1151
1736
1539
306
106
2164
59
292
1574
515
160
1307
966
43
1241
2471
240
176
1606
169
82
2073
744
3427
881
1137
67
868
1074
4247
3613
1628
589
2152
361
1834
3556
1366
367
950
1891
778
2258
684
1442
441
3224
187
748
459
1008
2177
320
1645
451
394
377
1109
2503
201
2096
113
3485
2411
1491
479
998
2243
1078
3824
544
1393
913
127
164
159
901
337
613
1007
301
1808
2641
1138
2154
961
316
788
1532
268
474
485
104
1432
1392
304
1722
297
155
377
1644
337
1088
476
1114
1379
645
2370
209
80
1112
766
739
774
948
554
1090
1856
468
356
247
243
1693
4535
871
1203
2229
1667
2293
27
273
1935
556
1256
1217
2148
1410
590
65
560
1253
47
290
1682
383
1243
1100
2139
665
547
87
4383
1
1900
96
3733
579
1561
273
4110
468
955
1883
502
1527
2402
1342
910
1064
2389
1463
3532
627
966
2463
1258
379
1242
1497
909
779
293
817
184
372
847
115
444
321
1071
2081
1160
1402
363
469
1411
319
1749
913
1637
1006
197
1264
969
917
357
1678
678
595
2250
371
1114
1358
460
532
354
241
2620
1611
647
659
3701
1641
1028
667
140
2677
2012
812
142
1674
1638
1684
521
1055
2167
1462
1939
968
885
2071
423
2086
280
1844
991
2276
621
2381
1779
777
9
1066
536
261
2766
832
1125
98
276
86
671
75
1943
90
545
524
173
1341
1526
1995
1001
765
1253
2348
3608
1426
752
2082
689
954
2054
862
1277
1239
266
838
1022
360
123
1361
235
458
2415
869
925
251
1251
909
851
1441
221
1505
2114
1110
3806
4
197
2294
1303
1779
1159
82
1400
1938
117
436
332
761
2766
1087
1852
1424
95
1908
400
110
1977
4026
633
1062
627
1068
917
133
912
1411
630
1050
1083
1832
2394
673
989
1131
688
1843
1275
483
722
1504
248
476
1172
1904
1411
1457
3474
768
1487
1233
896
3079
1096
272
1004
1396
195
1010
1687
906
666
188
3357
1453
383
1809
847
1792
661
269
1470
65
186
1522
1059
1071
2205
350
3219
601
1873
1442
666
844
236
1500
204
450
313
1679
1290
223
19
1241
205
1417
846
1616
293
759
598
2239
802
2456
184
1495
1783
355
1735
1425
314
909
3018
3611
323
1144
145
739
2816
1153
1658
1622
1861
250
1599
489
1350
1147
284
1087
2200
22
15
476
1391
3
1069
243
1946
1242
1349
1633
2303
333
645
2926
67
639
136
52
222
1621
553
1745
599
1724
3763
1726
433
1091
578
1539
584
1846
551
735
682
178
717
187
3080
1710
4372
920
255
824
897
814
4163
138
1631
559
1322
1081
1298
586
653
703
1035
1202
35
453
1495
1250
196
509
895
1715
3649
162
1327
198
1693
1506
1707
1709
488
1574
236
2051
859
914
342
465
1776
2309
692
1083
272
1669
2618
457
345
2934
526
1356
6
400
1364
183
1056
1725
2402
512
1512
1338
1683
991
2372
2422
326
2082
665
409
1385
1090
500
4511
2041
10
707
78
616
882
1765
1222
1598
19
90
157
54
1542
85
105
4304
1554
915
255
596
237
1193
1729
519
696
4265
319
935
598
730
2204
1380
328
918
2012
1299
1155
900
514
595
368
792
1053
333
2258
227
2325
2213
2132
277
291
272
1155
30
485
1726
899
962
971
2475
758
1837
420
564
307
707
932
801
89
1145
1600
871
28
1699
2255
127
186
713
732
1000
1703
70
1295
1513
229
857
1399
714
1775
2073
2256
117
561
3110
250
2462
9
1630
2580
779
505
832
1059
668
1092
279
245
443
694
3939
947
38
1327
75
965
1314
4071
106
137
754
1585
734
1134
2209
1363
334
3779
1234
852
1026
1319
547
3237
953
2963
4120
73
521
559
2068
3849
177
2101
366
3551
360
1814
173
1665
206
681
151
1529
1560
1038
1924
1124
946
120
556
259
2188
163
1839
1715
795
1268
1620
1087
1423
1375
677
46
2660
1587
424
561
1858
2310
2003
1940
100
276
1733
1145
1400
1234
1695
180
1742
1489
3971
79
1834
171
442
1394
724
2133
1553
4119
713
335
258
2190
1455
1404
946
301
491
640
3321
3819
1651
1170
1278
1289
1032
3101
378
2119
2034
917
779
1152
1156
354
252
373
355
129
1813
1293
1391
1809
172
56
175
192
3745
3875
143
1663
17
744
672
513
13
1227
2449
3244
78
1483
1106
2281
1787
610
1079
1461
390
424
1364
992
2249
1017
611
1146
497
1979
3100
1310
1497
41
285
560
1351
282
220
3457
2210
238
1075
122
1783
881
109
2544
637
2125
909
215
1384
660
1826
3159
1938
914
347
944
4041
48
1301
1769
1240
2440
831
1044
984
255
2043
502
1080
4
88
881
1857
3793
1067
1232
1366
232
1454
1779
179
2359
1184
97
116
1696
2276
1808
1242
59
2092
3936
246
1135
490
511
3285
2842
1473
139
1470
1732
356
663
1690
900
58
2877
7
3956
61
1270
262
806
616
1152
3723
166
1886
0
241
405
2782
1727
1053
425
1597
404
261
1792
3459
592
420
1225
1512
299
1829
1659
1087
690
4573
421
399
969
34
1445
20
157
1963
2590
2969
670
888
407
625
357
4049
4
1727
3576
1575
838
1245
3005
529
699
687
580
1026
313
404
355
1549
1694
378
677
1163
985
2870
832
812
2811
1747
637
59
193
2274
674
343
1287
831
341
38
743
40
546
1041
2414
294
2175
1703
229
0
911
710
1856
207
408
1080
555
631
1654
901
10
3060
2211
1714
442
1473
176
1348
217
163
921
723
2309
4796
1082
1705
21
701
24
307
2590
1694
2050
576
826
473
1748
2008
1129
1045
274
2494
1523
59
3286
1620
1839
362
751
714
923
714
3961
305
1654
1664
2159
527
1907
263
1353
1431
372
2883
199
817
366
1852
548
37
1345
342
771
1058
734
883
673
1205
3066
887
25
39
1883
61
1308
657
1938
1782
2049
700
103
3701
936
4126
2048
645
606
168
162
3936
933
3586
723
2088
944
1013
1474
1330
1310
2279
727
500
1737
771
1718
513
70
1648
3503
868
3774
1009
0
1363
744
724
1852
3770
1413
1141
1857
489
1044
1029
198
1231
115
393
2911
1543
652
262
3730
785
2666
520
23
461
178
1926
207
895
699
442
239
562
1080
2367
904
1963
692
456
552
2209
780
2409
55
1458
157
238
772
272
940
69
1638
958
974
418
109
2368
1288
1761
685
1772
1301
2953
853
390
1775
682
1378
639
2735
2000
282
353
42
841
71
3873
267
2532
1422
3139
2051
372
0
4230
4219
3397
400
1647
228
449
1467
1811
1691
325
103
3260
1493
2382
472
1291
1232
1358
267
446
351
150
2240
215
2328
1671
80
1583
1170
25
362
227
784
1688
437
200
598
841
2045
988
599
3643
3
322
1314
571
203
199
2048
177
169
179
335
283
1204
412
3270
2408
47
1030
974
2435
97
1150
3701
191
1006
530
3214
2168
474
566
3151
123
1625
1419
312
1878
1943
3487
48
359
2990
100
184
1829
1156
1359
105
1503
289
1447
3600
830
1984
1403
1006
793
108
1173
2076
1161
432
1143
91
86
831
1013
1081
3771
1814
862
1506
938
1081
977
145
2024
299
918
508
1024
515
1089
2113
2533
937
163
3065
3230
456
66
344
650
336
494
631
1881
1619
846
3882
3393
2225
893
3258
907
1386
701
83
432
751
962
1053
756
647
1101
1476
1031
478
4275
838
1008
1033
1621
111
674
1918
1468
1278
3222
921
217
411
2177
593
3144
1313
1561
615
113
1084
413
316
350
1502
139
492
1952
833
1036
2055
1091
951
319
1562
253
197
1396
540
894
189
1204
1780
1060
776
4749
1435
1961
396
327
1088
1743
751
653
728
4151
1874
1596
908
2784
621
1188
1277
927
356
361
2607
1076
1404
1776
2447
920
940
284
1110
639
698
763
1753
1357
87
966
501
1901
870
715
126
1601
2311
1571
1714
2127
58
2635
1423
2254
1685
119
26
3288
1057
459
3087
670
15
1979
405
1817
791
1604
110
57
273
1271
1224
1350
1111
1335
1008
804
3787
4459
290
563
1132
1035
216
602
1003
1958
247
54
47
825
1329
1483
1321
793
704
3362
1890
824
781
1685
4089
1086
1167
23
3240
1553
407
29
31
4745
1416
348
1669
1860
1087
580
661
200
33
279
460
526
2235
3518
387
2003
1715
526
926
1387
2931
2687
189
612
771
254
266
2003
1356
1294
63
4389
295
992
1288
1256
1279
2318
2783
2436
156
732
1573
319
617
536
1161
354
1860
458
1964
208
372
347
224
600
806
960
258
215
342
1705
614
2012
1792
14
928
1874
3288
2790
139
2521
438
2252
90
707
1061
2475
1591
2109
1233
1136
1172
4007
472
411
504
287
3440
1526
2137
284
384
1745
352
2455
272
834
2524
188
789
2421
300
544
1243
161
797
528
2275
2069
1864
1429
82
1313
895
1519
589
706
273
2313
1272
3381
829
1693
1003
1862
1978
1578
930
556
74
42
1436
548
652
2884
3551
88
1618
472
368
234
1887
1411
3283
2234
1118
290
500
559
49
71
1298
912
169
272
1774
44
867
7
1281
325
934
657
2364
1730
461
841
3020
2238
365
785
1272
627
300
430
807
217
1746
1167
4804
52
311
566
794
338
1528
1267
637
137
468
345
1045
1232
902
2343
551
3189
916
465
2935
853
234
3148
2456
789
2143
2149
2346
293
85
2022
1551
414
1565
391
1573
1021
1472
858
1438
833
630
47
1449
267
1459
2023
1270
2166
340
727
3996
760
4564
2183
1152
3844
898
3830
1369
769
1197
487
73
468
1830
295
15
1880
978
1070
1094
831
335
1184
332
193
2053
1509
1216
223
1353
185
3852
89
124
1938
749
1346
481
935
1102
2342
423
1244
1307
2533
895
1007
1424
590
691
4041
669
1934
3701
291
570
884
980
306
3856
786
1352
964
1479
51
1075
554
3230
1140
1621
1519
272
902
495
574
1506
901
121
730
1608
667
1868
2194
688
4282
1411
2459
1677
513
120
973
1725
1023
475
3026
2277
628
294
1721
546
709
1102
853
35
1542
1460
562
709
1804
344
784
1561
47
3618
781
854
426
236
1045
1300
1771
2515
402
509
3583
940
1528
1386
958
450
5
1386
11
114
1688
1463
408
1638
2473
1852
3200
1251
2908
421
677
2895
1972
181
2420
559
295
1206
1750
416
43
365
2288
882
837
474
58
1002
371
478
950
0
982
2738
186
1091
97
1539
984
570
936
244
365
443
631
909
2661
1090
961
27
230
237
1195
483
2379
658
328
1046
1280
4601
1379
47
645
3855
2623
1414
951
298
1310
274
743
1333
488
823
92
44
905
1994
1619
1906
1039
2066
455
1333
967
1116
280
1562
2037
216
2460
144
3964
291
3703
312
1144
1100
423
1112
36
569
1102
1983
1381
37
610
2123
265
42
1470
207
374
164
842
4844
36
1858
1089
1071
155
701
450
2669
396
946
4807
889
547
746
1242
398
1422
1541
2764
883
919
1105
2234
2110
501
219
2603
786
1181
857
1058
213
727
1166
550
214
615
551
790
2042
171
1487
1271
1510
331
1125
4180
382
1281
556
0
652
1316
1047
1202
738
1325
432
1221
185
1932
1719
1627
719
1132
652
1331
701
3672
163
333
216
1278
848
1876
1267
1412
241
551
1043
57
524
2229
50
10
503
72
1612
904
2963
235
984
197
2720
363
1634
95
302
624
1559
1465
1775
999
122
491
1221
1883
248
754
828
576
510
678
397
405
2618
651
1576
0
2880
261
1796
168
3493
1147
301
1432
270
1489
1060
1076
1497
1260
1983
1283
2027
208
1048
140
66
959
409
879
302
2288
376
1360
0
300
367
1980
68
2342
1274
1139
76
3945
997
473
411
148
2177
587
1948
741
686
1699
1382
685
1685
532
478
1771
534
270
373
456
24
2013
1402
2195
24
74
528
994
588
17
2411
1777
1292
2833
599
2365
794
1546
11
207
1153
3814
297
602
383
742
1666
226
1121
76
1278
245
559
126
1069
795
718
761
775
1380
3352
2055
1104
640
892
285
1512
633
1859
138
488
299
961
908
864
35
2046
1902
94
1068
3870
145
2129
434
3767
388
749
419
425
1037
2338
1295
2100
118
1047
494
822
1553
162
131
157
2857
1164
46
654
494
1350
511
1088
338
4083
883
352
4374
810
1005
771
1981
733
1851
648
1169
84
1629
1858
620
2558
239
1634
970
1045
1494
1186
1428
917
983
1087
576
3360
213
73
636
71
1376
343
5071
543
571
1669
1066
874
96
54
376
1627
736
1036
518
1497
866
821
961
384
119
734
640
1228
432
1279
1913
664
1995
326
1163
28
1459
2015
510
1096
980
387
309
1424
4180
134
1131
672
0
1335
1373
373
862
518
244
2267
700
645
1386
308
462
1240
255
4066
120
95
1156
2064
1582
2475
1658
1121
1364
309
718
1364
436
1738
207
392
117
3582
693
2256
1155
1946
2141
1081
1881
269
86
101
1646
136
109
285
919
2838
1184
202
802
497
769
289
939
1552
762
2197
1035
1424
2666
82
1824
1343
1767
2859
1316
1418
309
161
186
1276
2615
3740
687
273
466
1453
522
1837
1191
4749
310
99
2343
688
857
297
488
677
1748
468
103
203
699
2501
743
2758
455
154
1323
389
1270
435
682
1325
1327
161
1516
789
1688
14
615
1733
1000
1560
1846
2185
1362
338
633
2155
3497
2154
314
1031
143
3442
171
1852
612
1573
416
708
1159
242
1073
721
4090
1796
832
368
2920
3095
249
339
719
94
3243
2407
451
1095
4753
1253
1522
1355
603
1687
771
189
794
628
1083
632
538
1430
1665
1077
1386
718
51
243
428
367
858
2224
498
758
1444
1512
28
491
1322
356
506
557
1484
1603
1267
2019
254
429
25
342
2001
1073
1961
733
1226
1001
246
3688
1485
71
1161
146
729
327
1494
1694
339
604
894
900
1821
924
1537
3576
70
11
1654
3548
1672
896
91
252
4074
762
1170
226
94
414
1288
466
259
1692
1281
254
685
377
2583
157
464
752
497
342
670
1195
762
1119
789
896
518
189
1869
422
217
311
8
1504
3815
313
541
1510
3225
1470
657
494
1570
2268
130
444
1365
784
775
27
214
988
1182
1186
932
1344
407
676
909
107
962
1737
811
198
190
2446
992
589
685
1889
701
2015
2849
1866
506
806
1306
1946
544
929
1770
276
53
866
334
1551
1357
1857
1116
1082
76
900
461
2285
1268
794
3727
834
338
1240
811
3181
2724
274
860
984
637
567
2125
313
11
762
1087
2476
1245
686
116
2163
65
1780
171
1566
897
587
317
3392
663
110
614
31
1592
317
913
489
277
1154
731
2514
634
753
2239
2071
1395
441
858
1685
641
354
1053
805
75
164
3181
1452
129
608
1092
2018
1031
501
254
860
558
490
119
576
1461
1748
3037
1199
542
361
173
2638
158
1253
1115
2743
1106
1187
1596
1313
923
593
453
743
2949
45
225
255
431
1086
817
274
1044
339
129
181
1437
2061
1689
2030
617
377
148
1055
1424
434
973
536
98
1136
344
1714
78
13
420
616
1926
2030
1836
1248
1716
145
1861
625
2192
1160
374
336
325
1918
611
698
760
1431
879
1866
2233
1991
60
4237
1242
644
3369
1502
900
1158
327
272
89
918
855
4228
150
2014
104
1901
986
544
422
533
1110
1015
354
4257
684
476
2
1060
402
1200
714
147
59
1678
843
1968
108
59
3080
18
2153
1444
2274
884
1089
1106
2451
2209
1064
1622
1481
229
4071
73
1132
2043
1814
295
325
439
157
916
179
27
713
3068
1581
1484
1391
401
1705
1866
2497
571
1346
884
343
766
1530
455
39
686
1369
145
610
915
1587
2759
2465
495
1064
403
1044
52
1069
1321
30
97
856
1248
339
1255
1272
1586
554
3535
160
26
464
762
1260
1701
618
590
1006
1200
549
1079
1625
720
4387
39
1387
451
1258
823
338
1717
180
746
346
326
654
604
259
320
1283
64
925
2232
1359
1300
619
1223
72
1372
2213
237
972
2240
399
4545
874
1845
228
4003
17
98
34
226
1648
2156
279
1309
16
170
1081
1596
824
1307
310
2341
1361
70
274
1570
1155
264
864
58
91
925
801
852
147
511
1802
1504
2536
162
88
274
3938
745
183
796
786
343
157
3149
1865
1654
165
2005
1403
53
1270
733
1953
722
36
60
1069
691
549
530
231
1358
190
107
196
566
789
2632
2932
88
2048
807
2518
997
1677
302
3442
1193
418
2007
4530
32
740
925
464
1370
1379
1373
281
99
1178
1670
761
175
905
977
270
1167
523
2599
363
3266
1422
701
1982
1001
1188
1400
2819
599
3758
3062
230
1640
334
1498
1401
2061
159
639
2105
979
311
259
568
1334
61
230
1588
883
2307
1000
546
1142
456
393
501
2351
590
515
1300
1474
1644
102
869
976
2132
742
118
2306
197
522
1956
644
1655
746
888
2058
51
3313
1379
560
1528
2096
583
1674
1735
1587
712
1102
57
1674
1612
2292
665
3420
78
748
1039
682
876
998
3317
2905
325
2836
351
360
704
1016
1149
1656
833
317
277
731
1682
515
1262
255
497
247
1149
0
420
59
270
623
1240
1308
383
39
3217
4687
1842
199
1106
2694
47
3375
259
2046
2774
1064
39
1585
860
198
151
549
1758
1844
3389
806
1963
1126
2763
4044
2499
521
304
1807
2155
1249
2366
1028
75
1057
1852
163
200
1752
1121
777
0
1602
2754
873
1006
1282
1388
380
127
1425
60
1352
758
1420
2671
772
15
741
864
760
1487
585
1685
241
976
151
520
2079
1574
912
1200
737
1406
1828
2835
1269
974
1003
1520
1004
865
1234
61
1654
1061
1565
1170
976
420
521
112
1805
2527
886
148
87
22
931
1828
460
1265
366
11
293
4633
1056
884
611
3780
1966
149
3222
415
2237
196
987
872
758
3466
72
528
2468
1707
640
469
810
174
505
1393
3505
3067
110
834
1096
3256
887
274
106
2814
1151
2764
1512
423
2307
978
3139
2092
1133
3960
2538
13
1213
40
3868
1658
4582
2691
21
2134
939
27
1051
767
46
286
3619
4854
109
1560
972
544
1622
2113
1049
1031
3950
1016
1281
1200
535
562
1052
3017
1368
1013
867
398
914
303
3049
2
1460
792
1934
2175
1888
15
1414
797
2559
187
667
492
904
68
1223
1241
1774
1151
21
1399
1295
2533
773
352
1414
1199
2928
1350
2321
1810
411
439
15
334
721
139
2666
1430
1757
1243
324
302
2412
563
1459
1825
509
3626
202
599
1674
1770
1070
25
54
1456
1089
2654
388
642
1221
2917
1687
379
1060
2066
1540
1671
1317
1048
533
750
282
557
2419
1759
1126
698
645
1328
2367
2135
713
995
1165
971
602
817
436
58
1008
2199
701
1993
1551
214
548
3504
2152
3463
391
1992
1892
343
1330
317
1205
1980
542
140
1007
1263
78
1941
136
2171
532
1421
444
907
114
1251
1651
124
1428
916
1823
116
148
1425
581
1510
1862
904
1470
1346
957
426
3583
1755
246
1515
48
374
551
943
403
1912
407
1427
1119
582
519
1328
1626
309
574
218
160
25
559
1414
3324
830
1041
339
226
1369
1029
596
2129
1819
85
283
623
1845
990
302
2134
459
562
1172
1327
1469
944
4021
1128
938
824
949
850
794
3458
29
76
1621
1251
361
343
52
1256
24
47
343
837
691
1850
431
1108
661
87
1249
1068
707
230
645
1585
1079
3884
227
263
206
2932
645
1014
1489
71
631
412
821
954
654
587
342
2478
1903
1744
1773
1519
1343
3123
1777
1353
1378
1361
2745
660
1382
833
196
3728
4241
1045
224
778
3383
1859
1596
635
891
1780
1676
300
1278
71
1071
810
27
1610
1114
689
4858
502
1773
1174
1845
344
1306
484
2055
2440
1155
1921
63
1153
4799
1017
2667
106
2221
454
2709
450
1969
1209
2099
956
803
512
508
879
1942
722
1409
20
16
3189
189
51
1157
1885
1653
666
667
1175
1634
198
1611
1952
881
1172
1306
2106
776
1887
1198
195
1302
430
169
973
855
2407
483
4197
897
1201
1050
608
323
360
1764
2127
983
207
2105
2501
2052
275
1575
2692
165
507
368
400
503
1198
2281
547
452
344
710
1236
920
334
1045
2616
1263
2448
2428
521
1443
1808
914
2561
2120
3866
761
1152
62
2587
1891
597
3083
138
560
3545
759
108
2152
4067
4717
334
1139
909
104
69
1347
142
36
834
1248
264
1667
1389
583
1011
952
1908
73
144
1102
317
797
1617
1216
770
1344
281
958
544
1033
3624
1057
1818
1626
749
991
2179
704
1875
545
1642
1340
1255
94
484
3219
671
1379
1392
1783
731
1595
1968
2447
838
1129
1435
663
969
3007
777
578
1709
2195
801
2272
1630
687
2516
346
65
249
52
1321
412
556
890
2013
353
392
610
1508
2691
1483
2317
1221
994
311
3139
2296
126
2174
3436
828
3080
1597
1029
741
1035
1752
1526
1106
1690
1544
1024
793
1956
632
953
1388
1452
271
645
1925
3139
2103
140
345
214
556
185
2001
4094
1034
35
2579
94
1661
503
3
285
1309
3532
317
474
3138
2094
598
691
171
1380
581
4243
988
1837
240
102
761
2205
1301
2321
370
1504
1249
3487
1907
478
714
660
1606
1131
1767
3548
99
540
571
1007
1011
3023
1235
659
1342
1132
665
267
216
3623
673
2056
265
700
3459
877
1277
1582
2345
9
1703
1995
449
1367
1232
4603
58
1431
411
68
1033
969
152
893
343
277
1467
1534
479
326
504
196
3379
1657
335
1180
1118
1457
1009
380
3945
14
1292
3620
772
611
4906
1630
2138
1477
2846
895
817
2124
1123
3424
1458
995
1321
1007
3005
1889
27
4467
426
815
675
2795
2079
1268
1591
161
264
291
487
565
137
1014
547
362
4508
3780
1789
532
403
396
1023
1724
3892
3084
491
116
2178
1315
14
1995
700
1242
83
75
117
1749
4318
1532
1001
3506
675
1767
104
322
1903
1239
1332
471
1932
902
152
1807
109
2146
2018
385
2186
1344
30
93
1216
1252
1027
500
1171
430
1590
101
465
537
2023
993
2770
187
310
2095
1540
344
1260
2125
2040
1323
531
874
1919
230
203
304
875
2209
577
180
731
832
765
1584
3228
133
85
464
98
1210
1454
691
1703
534
1424
1475
0
91
1397
737
112
532
1842
587
254
976
943
1867
1576
1435
1257
1119
968
377
4012
1592
1175
1015
511
1969
1249
1224
1086
1467
250
451
215
3461
790
691
401
1756
2472
2122
2665
1906
757
978
1165
146
598
1351
1934
1255
617
585
1749
3182
443
1837
950
1574
248
2515
1236
641
630
1605
1860
130
623
450
1240
237
273
798
561
1572
1437
2444
1279
1098
1049
405
2997
1171
868
2245
347
976
2969
146
1852
1474
383
2480
239
562
2082
1201
981
535
3486
351
830
2345
459
2014
1113
1417
3998
2058
576
1232
89
836
1326
1874
1339
174
1971
584
1738
626
1365
1457
504
1361
596
1018
1227
90
1153
3203
1458
634
176
240
456
2103
300
3795
1679
364
33
346
3139
1475
1077
2585
63
1363
602
2583
1056
503
803
1321
1208
760
379
2262
491
3415
533
496
899
337
2186
1651
677
442
3506
586
2746
1096
664
2347
0
2010
697
589
2018
936
1579
1080
242
757
1678
487
216
513
1126
56
437
173
273
1454
757
806
626
262
1171
431
1771
1210
2155
73
1450
2049
2995
1461
1585
4023
2985
214
1986
537
671
1019
1245
4980
1332
1766
771
939
358
2283
980
1855
600
1321
367
430
3063
193
4599
39
803
26
275
3630
958
179
1297
788
1673
1177
1704
215
2112
98
1206
346
2418
1389
1896
1895
268
11
959
67
869
4489
733
762
858
583
511
1105
464
257
984
2463
250
3361
456
424
1433
121
26
4321
352
255
946
1889
2150
1599
596
822
843
2255
2545
1113
1863
86
3066
141
503
4428
497
219
3906
144
1318
2200
109
1501
1330
240
3926
44
1261
362
1623
789
938
1559
404
1095
3610
559
2709
1688
1311
666
1390
636
1977
2305
419
871
2864
501
849
698
2203
585
129
584
1839
933
2477
2541
763
226
193
1540
598
296
465
101
834
141
478
589
1467
1696
3730
334
1454
971
1717
492
438
1436
720
1119
2287
1409
72
1788
2463
625
147
2243
584
1221
2288
1950
1875
841
2991
1053
1089
3593
724
3529
1278
3712
1840
986
2168
75
111
2
2081
565
817
1221
253
215
874
787
5015
147
798
409
809
833
4216
1584
1606
1283
1791
262
694
2062
1129
1395
183
2946
1829
374
476
561
56
1238
418
1733
0
1107
203
1634
728
1666
672
1107
3378
1470
917
1083
4650
1903
856
1131
733
1253
159
540
1218
2881
1841
2381
1400
120
0
1156
1755
618
1251
1097
3501
1121
709
549
332
1069
69
1180
81
1615
793
1122
2405
501
212
1346
106
1225
353
1602
1233
232
662
909
1074
343
815
589
2330
1877
775
1806
514
604
1078
354
973
1057
243
375
381
369
4435
1414
1583
376
508
1980
144
1491
989
1093
910
335
828
387
3026
2128
2057
1106
485
220
208
2175
339
5120
536
240
1185
1056
662
1998
455
574
633
1322
1316
1002
24
1551
531
1161
534
7
2465
761
1371
539
413
1418
1711
16
929
1494
997
1703
372
8
692
81
78
95
2170
557
714
521
1139
1015
119
392
277
1604
2791
750
976
241
351
2192
86
609
274
1470
945
343
1032
2060
863
9
710
1080
222
765
678
856
657
1547
4479
125
657
1859
548
647
2183
982
606
724
759
231
1289
4053
480
1775
144
2835
1190
5
2314
380
117
1208
198
632
77
1744
1260
994
675
634
94
1132
333
2725
160
728
777
1686
116
1022
1510
784
69
4518
3012
286
1258
581
704
628
855
1166
1924
396
80
1411
1113
1019
128
3332
219
171
2484
1226
71
128
3465
995
602
1733
4855
917
1080
726
1620
467
198
1062
540
241
1991
696
170
1278
179
803
318
872
1911
267
3769
280
264
1304
1202
3961
1077
1206
891
1141
1753
2077
21
569
1288
1781
2464
153
565
689
2138
1699
974
838
252
678
670
3270
725
1032
187
962
562
170
345
79
520
1790
1726
4648
1086
2334
1835
1407
562
1042
228
1967
429
321
1439
178
976
1706
1064
975
894
522
2053
1224
3247
429
1853
259
338
880
1193
1062
1741
842
1557
443
860
271
2629
527
1178
1276
1625
1465
147
800
657
2652
345
925
1588
1307
1009
1842
667
1336
424
918
1493
81
20
1560
597
87
1442
1257
0
1988
1964
4006
1071
3663
413
8
1965
703
1131
610
1606
980
1573
959
700
6
912
744
179
172
1340
115
806
343
1819
3034
112
77
1672
71
93
3368
260
879
1553
2350
2821
1062
1199
313
1477
83
350
943
462
794
1167
2676
530
2238
2458
136
77
4247
56
266
627
867
1862
654
881
2219
1276
141
1075
282
831
37
5088
354
609
278
2506
514
1097
2310
233
1554
674
23
808
1638
2290
206
717
2107
612
262
2826
1056
999
1279
304
2239
564
2022
895
639
113
4175
1519
16
2277
639
134
1086
529
288
1946
232
1225
1168
2470
64
1661
231
224
1162
339
1567
281
1724
1715
1704
278
1216
3758
1311
1981
46
1542
129
2646
1119
633
2201
1033
347
714
489
640
820
1134
157
2339
898
326
895
853
135
1357
173
2285
795
383
1579
1185
829
406
0
1366
2304
879
522
304
2012
6
815
242
3278
280
1268
1091
1396
299
2202
2189
1993
67
1525
2096
3147
362
696
984
1373
619
1398
903
554
588
123
38
422
1159
179
1354
161
1034
726
1206
1350
309
798
1422
397
168
3533
1414
1669
1350
183
1121
2130
98
697
3825
1157
126
3434
280
104
919
296
1463
452
133
146
470
3521
1511
310
820
75
550
577
2062
622
1113
1016
2527
558
2210
1148
509
201
1435
117
461
447
1537
125
1082
514
425
743
511
1739
5
1674
44
195
703
467
339
2633
2750
3100
972
756
132
424
3484
3652
440
106
562
779
247
977
100
1972
14
1358
1551
258
1020
731
484
16
1956
521
1757
960
2295
2120
891
1980
289
831
442
1812
2903
867
2134
113
177
1371
290
3670
1631
404
242
131
235
558
168
3307
1953
1164
1191
677
755
511
1895
2037
385
415
1278
784
2465
2115
1838
583
251
579
783
1244
493
150
1047
2902
115
1741
1920
1064
3581
1468
461
1011
1636
168
2178
1016
1375
197
912
209
1472
1015
2023
757
361
48
916
38
2440
1802
525
877
4127
98
1290
3453
28
256
3839
392
632
0
532
1522
2454
646
2511
2111
553
489
1308
660
1374
531
432
940
858
2344
2440
352
1968
1822
2027
2993
145
1111
1960
940
489
1072
422
1551
1387
1290
66
574
278
118
225
1086
1349
590
626
517
186
3193
2053
1032
734
640
2827
291
943
952
4361
1659
1589
956
1619
638
328
1611
954
1453
1011
1209
652
91
1092
409
988
1132
527
976
2828
654
1429
999
1208
1563
3440
14
41
385
433
3106
56
2083
917
423
3065
2192
532
4309
3449
694
491
81
2709
1739
984
401
978
181
957
491
631
719
39
1379
1792
824
355
1439
938
681
1602
880
343
16
439
293
2742
400
948
2163
2185
428
1842
1488
400
371
2383
465
391
1133
1595
961
1
986
370
2969
2013
24
419
355
1960
1845
177
1893
67
655
458
430
1113
575
1630
130
40
1007
962
719
178
1056
867
325
1342
1530
1075
1895
2805
172
477
1990
2342
1666
213
701
252
228
17
126
326
148
2998
453
1244
13
2197
681
1868
1145
3598
1011
2295
2345
3637
3457
90
1313
912
1816
910
587
446
1033
738
210
522
3649
667
350
1187
863
2103
544
137
1284
2052
30
1753
588
1494
755
256
124
4500
850
162
1113
1633
149
2908
226
629
842
1970
2125
164
691
610
3028
174
491
181
449
278
720
1281
2856
1221
1463
725
1264
2236
811
1803
2222
916
1129
1191
96
2226
936
4184
1302
1528
1765
766
746
526
1666
1017
261
4347
2480
1324
87
190
2266
821
96
801
247
3432
305
1942
2044
231
132
1180
1321
2734
446
614
1528
1686
1673
959
1380
748
974
1578
577
1
395
3605
846
1447
1184
1339
339
1851
613
1060
144
4349
565
417
1492
1349
2268
2152
827
215
1238
558
1549
1500
435
568
1040
1450
351
364
1862
387
423
2177
3579
3186
932
478
605
1344
2427
2846
809
2553
1802
580
2061
510
897
852
435
237
2167
682
4412
760
3295
1175
59
12
728
1149
1311
88
1310
1039
1534
271
1365
1274
474
1571
2963
1903
2508
1563
581
466
63
192
445
467
91
423
137
33
1034
596
785
519
3725
0
177
440
1193
1600
542
1592
876
825
1469
2872
722
32
2339
1497
2502
1279
1369
306
1095
780
3745
1353
578
841
847
503
561
2280
915
1927
500
732
46
2866
910
334
690
2134
81
2083
1654
611
1591
448
576
1527
166
283
226
760
371
1964
3848
1350
1408
93
804
905
241
7
1360
818
1047
1686
1627
1804
155
519
2700
79
2960
371
2336
528
374
227
3739
84
1139
1947
133
628
1447
4353
1029
1407
262
1984
1806
838
2135
1415
1100
1564
1307
61
1521
3560
151
3409
243
82
1475
811
4912
390
63
4062
1488
2061
605
588
1510
2280
342
217
509
2022
513
865
770
348
3626
3190
348
1063
1711
1801
453
2155
499
150
163
459
1712
67
2522
127
196
1060
736
2454
361
1821
404
322
148
867
143
294
1571
3415
687
374
936
1017
573
485
745
1744
914
302
1987
2078
2106
3293
4360
1694
509
995
430
2005
2607
1016
517
80
2387
1320
424
194
1534
227
256
863
2447
266
1573
1162
1293
1857
734
1089
432
562
959
1855
1157
995
161
768
623
474
27
806
1326
339
1120
454
863
4017
306
651
521
78
1978
1526
30
1062
2727
2215
4336
1070
219
3218
1649
1367
211
700
690
1513
1172
910
557
865
489
1473
78
251
1517
460
743
689
1262
1289
1328
2194
474
502
1896
277
477
497
2113
791
1321
1573
47
1240
1850
2004
414
1106
2771
106
537
2132
332
433
1676
2177
1615
1294
260
1200
1206
227
3666
686
1800
737
1574
1806
78
1930
95
421
39
892
3704
453
2320
2282
320
840
766
1761
800
573
836
3825
282
761
458
137
431
3386
994
461
544
1274
1626
1032
660
746
3000
2425
1973
455
204
817
1630
4723
1333
1206
2537
4353
836
1457
1991
605
1291
1085
202
1423
584
3514
1969
843
0
692
381
173
26
829
1674
3193
2170
2343
4036
2583
4842
2098
768
111
33
359
1282
689
147
152
263
1071
847
273
3081
678
405
949
293
3299
190
995
1079
1194
1570
2870
526
702
701
1472
742
824
2623
1217
1560
250
1114
63
2737
671
1474
2400
969
559
965
175
238
1314
846
4041
406
1161
1033
2206
58
517
1605
2026
1775
3945
390
1264
27
628
385
111
958
168
126
1189
1078
3033
931
1957
1443
239
771
2237
1830
117
263
2203
469
848
1678
983
1955
15
316
1146
3426
552
1782
1480
2181
3779
942
626
902
1104
2085
633
1159
35
2339
3182
783
554
62
1846
19
71
1001
241
1420
2055
512
1593
14
624
1107
23
559
1439
606
314
275
3122
381
458
1157
973
1176
1382
2128
81
4236
115
391
569
731
22
757
97
89
672
489
325
3209
286
105
1063
1051
2158
2689
2033
1517
2
349
122
2500
4646
1508
716
2409
1428
1400
914
983
73
394
1553
1889
694
579
933
1838
133
338
1235
41
164
1450
576
75
103
2728
87
383
273
690
816
1380
1292
1582
1105
509
3894
719
1598
838
1834
1871
687
1462
2295
1553
197
419
1870
1833
71
1019
206
228
1432
923
466
412
617
2502
99
286
657
0
897
1476
929
2173
199
982
1624
1953
2024
1587
138
2622
875
830
1353
834
569
3218
425
972
1266
3583
512
782
594
1983
1496
607
446
169
1142
3367
1641
592
885
513
666
587
1620
1995
742
314
386
4495
1680
866
1800
2163
2252
531
1213
1020
944
967
559
424
332
2324
444
1779
401
1810
726
2955
1024
368
1338
102
344
551
325
1790
3484
2106
503
531
122
594
1819
752
1902
518
879
1020
809
164
3727
684
773
1697
1857
762
752
1354
438
1288
739
142
67
1978
2050
300
1138
594
1295
1202
1775
1415
2563
480
858
531
19
886
316
1795
679
2558
3107
444
89
150
832
346
1881
19
1999
171
373
1325
198
1743
505
109
2330
2334
1070
156
851
297
279
1703
3422
317
359
467
7
561
534
2
176
755
97
466
2024
1281
198
474
985
752
1092
1807
123
2782
2042
414
1309
1420
142
396
1136
2914
887
260
90
1054
1373
448
339
0
1557
2207
1862
3759
474
2504
1601
508
108
2008
4248
1634
1918
1113
1206
1436
760
1889
1576
111
485
797
901
247
2039
475
1435
2713
2058
200
762
2070
1624
1440
163
529
110
961
1561
27
1687
2850
1719
127
1964
1253
14
1164
1044
1556
1351
364
910
352
1652
1255
1257
3795
375
239
3389
1833
1231
1466
4194
112
2949
1140
50
108
2669
345
4602
1952
1984
255
1205
264
1906
562
1521
442
875
1513
664
66
2039
796
910
27
4004
969
536
149
712
1284
1171
2149
1395
2055
720
815
705
2093
1321
401
1376
1600
865
1253
1444
2799
1899
1870
3650
3744
1411
1411
1097
863
1497
956
610
245
4585
2337
910
1344
403
234
1844
790
93
997
1916
4475
244
124
816
1389
212
3433
918
218
1017
1495
298
19
717
1843
1384
188
4146
793
2353
3774
4177
1294
2165
270
3340
1759
1108
551
326
1406
3118
1637
449
481
1274
510
196
247
1042
711
2033
2482
1399
1010
19
820
1722
1421
1933
1293
1214
596
1030
212
2088
4201
1844
4
403
1141
503
1178
46
580
2314
1679
1682
520
954
779
2935
898
464
1056
1366
661
1866
1075
1978
540
526
151
1364
1675
2890
110
4076
1644
1618
355
1886
659
732
457
304
339
1155
2862
1405
739
1033
300
553
1369
1861
0
2755
171
2294
273
1316
1058
190
217
903
1804
136
462
1307
944
1219
798
45
627
1858
810
2190
1648
0
276
644
1029
2007
869
1380
2522
1286
100
2484
296
180
816
1431
415
146
523
403
29
141
1065
3291
141
72
333
1841
127
193
571
1674
381
497
2415
272
1441
641
729
1871
411
321
343
772
420
491
667
1564
560
699
1302
607
1147
1436
306
1904
1691
1540
1159
2477
753
2037
712
562
1953
648
422
1085
908
257
1198
2402
684
734
2511
1261
495
1637
1564
660
531
3754
1429
1404
0
196
340
1440
838
1925
2755
3441
1790
1698
424
578
1686
2034
1590
1169
37
153
1273
668
902
1403
958
8
405
188
1841
1342
564
1677
0
4147
482
1029
1182
94
2135
1855
96
876
1074
234
914
2189
156
796
37
687
1478
363
598
1125
14
327
2881
655
6
323
1408
2294
2190
907
2618
1405
138
251
1032
2154
37
1678
2459
542
2107
2315
2994
1255
163
205
569
2233
3480
1701
3745
698
286
2671
407
1209
855
568
1592
1224
187
1221
1317
1298
2199
1839
45
231
1135
551
2559
397
438
503
841
199
309
726
3363
1286
37
777
2050
1190
200
231
1054
1080
807
3118
1061
1711
2168
267
877
773
486
1589
1080
208
1694
573
2310
942
1907
955
760
2661
3782
1318
1995
2151
194
1121
4512
9
212
102
1499
124
87
4391
536
627
727
685
238
2897
216
1042
63
737
2092
1020
1216
1324
219
756
17
921
1827
101
586
1414
218
1412
345
330
959
1417
913
1223
570
1091
2152
3730
1492
1522
1050
2853
2432
38
124
33
21
2657
525
344
247
492
528
732
777
617
53
3184
955
594
1338
1007
588
560
1274
1195
940
673
363
252
71
851
1440
1492
135
739
1739
593
1493
922
257
3595
872
29
752
937
761
2005
1308
2233
1099
163
121
1266
47
750
701
312
2450
866
4275
181
2504
807
893
1048
19
1236
738
2475
515
426
10
55
3084
846
947
1470
2787
946
1255
1018
383
1588
7
552
477
809
2389
231
2113
260
639
1156
9
2621
304
1343
2365
3563
1007
1011
62
703
887
381
2085
769
1167
205
89
137
73
306
4506
2309
243
493
3225
548
1509
1382
1040
1
671
1945
1991
447
1757
183
6
694
465
1372
1200
1910
957
282
838
218
774
1034
858
2254
2267
381
1626
940
1078
230
192
407
4922
673
1398
1479
1251
4143
239
376
184
1878
860
131
606
1339
1347
2092
4032
501
238
3610
347
669
1834
736
1221
233
126
2013
1392
2352
1308
491
1680
429
820
3916
646
458
879
226
851
1077
3127
979
124
269
64
1886
1890
986
927
222
1476
571
448
1437
4146
409
250
1600
2928
4086
181
319
550
385
1516
979
1537
469
980
601
565
1158
1200
1110
23
2092
1257
716
1036
1264
4432
919
456
530
725
3515
24
2932
323
1063
2333
2289
318
1978
1509
994
738
3707
97
741
2070
590
2009
1196
751
1451
559
579
246
930
630
137
575
543
1471
2797
327
561
709
184
161
0
1671
1465
731
390
898
214
1677
359
318
2096
292
261
424
342
3305
3079
3400
1420
1741
59
309
306
1086
1174
888
1941
1239
727
215
530
691
205
1040
266
1362
1148
340
977
1196
343
425
2492
567
4758
2666
279
758
187
801
1841
2750
1145
1034
277
216
1213
1371
946
2159
1657
1497
2351
778
3323
1141
1409
881
174
1584
870
1583
320
505
1136
1368
383
1955
238
3177
2224
896
1990
414
1941
430
329
1342
2434
313
3911
1315
1663
926
0
2402
610
102
162
192
780
94
690
172
996
770
2261
122
191
2540
1624
18
1869
3427
209
2012
2328
515
1012
304
702
1344
1574
1127
1740
560
1274
2346
1175
40
266
1025
2187
1713
1476
707
251
1012
319
67
193
1359
1668
2467
1076
2278
2421
2135
1079
831
2953
1480
1055
1949
910
4285
98
388
913
1000
109
843
1594
1889
1416
3308
309
629
660
231
1028
0
1041
578
2868
1031
865
3185
41
1582
1509
743
551
595
456
497
2419
586
2301
18
1842
92
1309
110
2140
3491
1581
750
1607
1087
251
793
1731
488
1252
348
1678
134
207
632
1983
744
1084
1044
2379
769
1096
189
824
1730
898
716
219
1464
2975
968
3274
559
111
538
1277
574
566
425
1404
733
1192
456
401
1367
1531
1530
1339
892
1366
455
663
368
184
240
1245
1156
4158
2412
1244
346
1172
1272
3241
65
286
1994
149
2260
457
1875
952
1471
70
1391
3466
1393
872
776
1489
236
1883
1207
129
2100
1890
1382
1031
338
2380
1066
3467
1046
946
1832
250
1709
373
1385
1776
1430
518
1816
99
2007
3211
1081
14
2385
2780
1212
987
807
97
868
1
1656
1546
823
121
302
995
533
331
740
813
639
1925
1811
748
1172
224
618
3840
227
1564
2869
818
260
595
1318
849
1567
1944
670
259
299
1835
3752
1586
297
818
2030
1657
1155
443
94
1226
882
3538
791
1944
1056
359
2480
1036
179
886
672
724
1134
2529
489
1144
691
554
1211
1687
1614
935
182
556
537
823
1143
887
891
1302
480
578
585
412
107
1147
126
610
1278
1172
664
398
1509
120
939
373
2157
4305
579
3301
2241
747
2792
423
512
625
16
1527
1989
228
1623
1827
1392
1127
1038
443
98
1019
2822
1197
150
59
582
1950
425
